162	159	157	157	155	155	155	155	158	166	170	170	168	147	130	97	97	104	105	105	105	107	107	107	107	109	112	113	123	123	123	128	129	130	131	132	130	130	128	130	132	133	133	133	133	133	133	134	135	135	135	134	134	132	131	131	131	132	132	132	132	131	131	131	132	132	131	129	128	127	128	128	128	128	127	122	119	117	115	115	122	140	153	158	158	154	153	153	154	154	154	154	154	154	154	154	154	156	156	156	192	211	216	216	192	112	112	116	118	119	120	120	121	121	122	122	124	124	124	126	126	126	126	126	126	126	
159	158	157	157	156	155	155	155	161	170	170	170	165	147	125	97	97	97	104	105	105	105	106	107	107	110	112	119	122	123	123	125	129	129	130	130	130	129	129	129	132	133	133	133	133	133	133	133	134	135	134	134	133	132	130	130	130	130	132	132	132	131	131	131	131	131	130	129	128	128	128	128	128	128	127	122	120	115	115	115	115	134	143	154	156	155	154	154	154	154	154	154	154	154	154	154	154	154	156	156	160	202	212	215	213	159	113	113	116	118	120	120	121	121	122	122	123	124	124	126	126	126	128	126	126	95	
158	158	157	157	156	155	155	156	162	167	170	167	165	143	125	99	97	97	103	105	105	105	105	106	106	110	112	119	121	122	123	125	127	129	130	130	130	130	129	130	132	133	133	133	133	133	133	132	132	134	134	133	133	132	130	130	130	130	130	132	132	132	131	131	131	131	130	129	128	128	128	128	128	128	128	122	120	115	115	115	115	121	143	154	156	156	155	155	157	157	157	156	156	154	154	154	154	154	154	154	156	180	210	215	215	201	116	113	113	116	119	121	121	121	121	122	122	124	124	126	126	128	128	128	95	50	
158	158	158	157	156	156	156	161	165	165	166	165	157	143	130	99	97	97	103	105	105	105	105	105	106	108	114	119	121	122	124	125	127	129	130	130	130	130	130	131	132	133	133	133	133	133	132	132	132	132	133	133	133	132	131	130	130	130	130	132	132	132	132	131	131	131	130	129	129	128	128	128	128	128	128	126	122	116	115	114	114	115	143	148	156	156	157	157	159	159	159	159	159	156	154	154	154	154	153	153	154	156	199	215	215	215	179	113	113	116	117	121	121	121	121	121	122	124	126	127	129	129	128	82	53	50	
156	158	158	158	157	156	158	163	165	165	165	161	157	143	130	99	97	97	102	105	105	105	105	105	106	108	114	119	120	122	124	125	127	127	129	130	130	130	130	131	132	133	133	133	132	132	132	132	132	132	132	132	132	132	131	130	130	130	130	130	132	132	132	132	131	131	130	129	129	128	128	128	128	128	127	127	124	120	116	114	114	114	130	148	153	157	157	159	159	160	160	159	159	158	156	154	154	153	153	153	153	156	197	213	215	215	207	136	116	116	117	118	121	121	121	121	121	126	127	129	129	129	82	53	50	50	
158	158	158	158	158	158	162	165	165	165	161	159	157	147	128	99	97	97	102	105	105	105	105	105	105	108	114	119	120	122	125	125	127	127	128	130	130	130	130	131	131	132	132	132	132	132	132	132	132	132	130	128	127	127	128	129	129	129	129	130	130	131	132	132	131	130	129	129	129	127	127	127	127	127	127	127	124	120	117	114	114	114	129	142	153	157	159	159	160	160	160	160	159	158	158	156	154	153	153	153	153	153	162	197	213	215	215	192	116	116	117	117	119	121	121	121	121	126	129	129	129	74	52	48	48	48	
158	158	158	158	158	158	165	165	165	161	159	159	159	147	128	99	97	97	101	103	105	105	105	105	105	107	115	117	120	122	125	125	127	127	128	128	130	130	130	130	131	131	132	132	132	132	132	132	132	130	129	127	127	127	127	125	125	125	127	129	129	130	131	132	132	130	129	129	128	127	127	127	127	127	127	127	123	121	117	114	114	114	129	141	153	155	159	160	160	160	160	160	158	158	158	157	156	154	153	153	153	153	153	162	205	215	215	215	153	116	116	117	118	120	121	121	124	125	126	129	74	53	49	48	48	49	
158	158	158	158	158	165	165	165	164	159	159	159	159	147	132	99	97	98	101	103	103	104	104	105	105	107	115	117	119	120	122	125	127	127	128	128	128	128	130	130	130	131	131	132	132	132	132	130	129	129	127	127	127	125	125	125	125	125	125	127	129	129	131	132	132	130	129	128	128	127	126	126	127	127	127	127	123	121	117	114	114	114	129	138	146	154	155	159	160	160	160	159	158	158	157	157	156	156	154	153	153	153	152	152	181	205	215	215	177	132	116	116	117	120	121	124	125	125	125	75	53	51	51	49	49	49	
158	158	158	158	165	165	165	164	161	159	159	159	159	147	132	97	97	98	101	103	103	103	103	104	106	107	114	117	119	120	120	122	126	127	127	127	127	128	128	130	130	130	130	131	132	131	130	129	129	127	127	127	125	125	125	125	125	125	125	125	127	129	129	131	130	129	128	128	127	127	126	126	126	127	127	127	123	121	117	115	114	114	124	138	143	152	154	155	159	159	159	158	157	157	157	157	156	156	156	153	152	152	152	152	152	204	214	215	215	177	116	116	116	120	121	125	125	125	75	50	51	51	51	49	49	49	
162	161	161	165	165	165	164	161	161	159	159	159	159	147	124	97	97	97	103	103	103	103	103	103	106	107	111	117	120	120	121	121	125	126	126	126	126	127	128	128	130	128	128	129	131	130	129	129	127	127	127	127	126	125	125	125	125	125	125	125	125	125	129	129	129	128	128	128	128	127	127	126	127	127	127	126	123	121	117	115	114	114	124	133	142	149	152	154	156	157	157	157	157	157	157	156	156	156	156	152	152	149	146	145	146	185	214	215	215	210	132	116	116	120	121	121	125	75	48	49	50	51	51	51	49	49	
162	162	162	165	165	159	156	161	161	161	159	159	159	148	124	96	96	96	103	103	103	103	103	103	104	110	111	117	120	120	121	123	124	125	125	126	126	127	128	128	128	128	128	128	128	128	127	127	127	127	130	130	127	126	126	138	138	125	125	125	125	125	125	125	127	128	128	128	128	128	127	127	127	127	127	125	123	121	117	115	114	114	119	133	142	143	149	152	155	156	156	155	155	155	156	156	156	156	152	151	149	146	145	145	145	146	204	215	215	215	193	117	117	120	120	120	78	48	48	49	51	51	52	51	49	49	
162	162	165	165	159	154	154	155	161	161	161	161	159	148	126	96	95	95	102	103	103	103	103	103	104	110	111	117	119	121	121	123	124	124	125	126	127	128	128	128	128	128	128	128	128	127	127	127	129	133	145	145	145	147	160	169	169	169	169	162	162	125	125	125	127	127	127	127	128	128	128	127	127	127	125	124	123	119	116	115	114	114	119	133	142	143	143	149	152	155	155	154	154	155	155	155	153	150	150	149	146	145	145	145	145	145	176	209	215	215	215	149	117	117	117	78	47	48	48	50	51	52	52	52	49	49	
162	162	165	165	154	147	149	149	161	161	162	161	161	147	126	96	95	95	102	103	103	103	103	104	106	110	113	119	119	121	121	123	124	124	125	126	127	128	128	128	128	128	128	128	128	127	127	129	133	145	145	145	147	157	160	169	169	169	169	172	172	172	172	172	127	127	127	127	126	128	127	127	127	125	125	123	120	119	115	114	114	114	119	136	141	142	143	145	149	152	154	154	154	154	152	150	148	146	146	146	145	145	142	142	143	145	145	197	215	215	215	206	120	117	78	47	46	47	48	51	51	52	52	52	49	49	
162	165	165	158	146	146	146	149	161	162	162	162	161	147	129	95	95	95	100	102	103	103	103	104	106	110	113	119	119	119	121	122	124	125	125	125	127	128	128	128	128	128	128	128	127	127	127	133	133	145	145	147	152	157	160	169	169	169	172	172	172	172	183	188	190	169	127	126	126	124	127	127	125	125	123	122	120	116	114	114	114	114	119	136	141	142	142	145	148	149	152	153	151	150	149	147	146	146	146	145	145	142	142	142	142	143	144	153	212	215	215	215	183	83	46	46	46	48	51	51	51	51	52	52	49	49	
165	165	162	153	129	129	129	150	162	162	163	162	161	149	129	95	95	95	96	100	100	99	102	102	106	107	112	114	119	119	119	121	124	124	125	125	125	125	125	128	128	128	128	127	127	127	128	133	133	139	145	147	152	158	160	169	169	172	172	172	181	183	188	190	190	190	190	127	124	124	124	120	122	122	122	120	117	114	113	113	110	114	117	134	141	142	144	144	147	148	149	149	149	149	147	146	146	146	144	144	143	142	142	142	142	143	143	144	194	215	218	218	183	45	45	46	48	51	51	51	51	51	51	51	49	49	
166	165	158	142	128	128	129	151	162	163	163	163	162	149	126	95	94	94	95	96	99	99	99	102	102	106	109	114	114	119	119	121	121	124	124	124	124	125	125	125	125	125	125	125	127	127	127	130	133	137	140	145	147	158	160	165	169	172	172	181	182	183	188	189	190	191	191	191	160	124	120	120	119	118	118	117	116	113	113	110	108	108	116	134	142	146	146	144	144	147	147	147	148	147	147	146	145	144	144	143	142	142	142	142	143	143	143	144	150	194	215	183	122	45	45	46	51	51	51	51	51	51	51	49	49	49	
166	164	150	129	128	128	129	151	162	165	163	163	162	149	126	86	86	87	94	96	99	99	101	102	102	102	109	113	114	114	119	120	121	121	124	124	124	124	124	121	121	123	123	125	125	127	127	128	133	135	140	145	147	150	158	161	169	172	177	181	182	185	188	189	191	193	193	193	193	193	120	119	118	117	116	116	113	113	111	110	108	108	114	134	146	146	146	146	144	144	140	140	147	147	146	145	145	144	144	143	142	142	142	142	143	143	144	147	150	150	160	122	46	46	46	48	49	51	51	51	51	51	47	47	49	49	
166	160	139	102	102	102	129	151	165	165	165	163	161	149	126	86	86	87	94	97	99	99	101	102	102	102	109	112	114	114	119	120	121	121	123	124	124	124	121	121	121	121	122	122	122	125	127	127	133	133	135	140	147	150	158	158	169	172	177	182	182	188	188	189	193	193	193	193	193	193	193	120	117	116	116	113	113	111	110	108	108	108	112	135	146	148	151	151	146	140	140	135	140	146	146	145	145	145	144	143	143	142	142	144	144	145	147	147	150	150	122	46	46	46	48	49	49	49	51	51	51	51	49	49	49	49	
160	152	119	96	96	96	129	151	165	165	165	163	161	146	126	86	86	86	94	97	99	99	101	101	102	104	105	112	114	118	120	121	121	121	122	123	124	123	121	112	116	116	120	122	122	122	125	127	129	133	133	133	138	150	158	158	167	173	177	182	182	188	188	189	193	193	193	193	193	193	205	208	208	116	113	113	111	107	107	107	106	108	112	136	148	152	152	152	151	140	135	135	135	143	145	145	145	145	145	144	143	143	144	144	145	145	147	149	149	127	46	46	46	46	48	49	49	49	49	50	51	50	50	49	49	49	
152	136	96	94	94	96	129	151	165	165	165	164	161	146	123	86	86	86	94	97	99	101	101	101	101	104	105	112	114	118	121	121	121	121	122	123	123	122	111	111	112	116	116	122	122	122	122	127	129	133	133	133	133	138	158	162	167	173	177	182	182	188	188	188	193	193	193	201	206	207	207	208	208	208	113	111	107	101	101	101	102	106	112	136	148	152	152	152	151	141	135	124	118	135	145	145	145	145	145	144	144	144	144	144	145	146	149	149	142	46	46	46	46	46	48	48	49	49	49	49	50	50	55	55	55	88	
146	117	91	91	91	98	129	151	165	165	165	165	157	142	123	86	86	86	92	97	99	101	101	101	101	104	107	112	114	117	121	121	121	122	123	123	123	111	111	111	112	115	116	116	122	122	122	127	133	133	133	133	133	138	154	162	166	167	177	182	182	182	188	188	193	200	201	204	206	207	207	208	208	208	202	111	101	98	98	100	100	102	112	136	148	152	152	152	151	141	124	116	116	118	135	145	145	145	145	144	144	144	144	144	145	147	147	147	82	46	46	46	46	48	48	48	48	49	49	49	50	55	66	66	88	141	
130	93	91	91	91	98	129	151	162	165	165	165	157	142	123	89	86	86	92	97	97	100	101	101	103	106	107	108	114	117	120	121	122	122	122	123	111	111	111	112	112	115	115	116	121	122	122	127	137	137	137	134	137	143	150	160	163	167	177	177	182	182	188	201	201	202	202	204	204	207	207	208	208	208	211	154	97	97	97	98	98	100	116	136	149	152	153	152	152	146	124	116	106	106	123	142	145	145	145	144	144	144	144	145	145	147	147	112	46	46	46	46	49	49	48	48	48	48	49	49	55	66	66	88	141	143	
102	91	91	91	91	94	129	151	162	165	165	165	158	143	123	89	87	87	96	96	97	99	100	101	103	106	107	108	114	117	119	121	122	122	122	111	111	111	112	112	115	115	115	116	121	122	122	127	137	137	137	137	137	143	144	157	163	167	177	177	182	191	201	201	201	202	202	204	204	204	207	207	208	211	214	214	97	97	97	95	93	98	116	136	149	153	153	153	152	146	124	87	87	87	106	132	145	145	145	144	144	144	145	145	147	147	142	46	46	46	46	49	49	49	49	48	48	48	49	49	61	66	85	128	143	143	
88	90	90	90	91	94	129	146	162	165	165	165	158	144	120	89	87	87	96	96	97	99	99	100	101	103	108	110	113	117	119	121	121	122	117	111	111	112	112	114	115	115	115	117	122	122	127	133	137	137	137	137	137	140	143	155	157	163	177	182	191	200	201	201	201	201	201	202	204	204	205	207	207	208	211	214	214	97	95	93	93	93	112	136	149	153	153	153	149	146	124	84	75	75	96	127	141	145	145	144	144	144	145	147	147	147	75	46	46	46	53	50	49	49	49	49	49	49	49	50	61	85	128	141	143	143	
88	90	90	90	90	94	127	146	162	165	165	165	159	144	120	89	88	88	95	96	97	99	99	99	101	103	108	110	113	117	119	120	121	120	111	111	111	112	112	114	115	115	117	120	122	127	133	136	137	137	137	137	137	138	142	154	157	163	191	191	191	194	201	201	199	201	201	202	203	204	205	205	207	207	208	212	212	212	114	93	93	93	109	134	151	153	153	153	149	146	121	84	75	75	75	101	128	144	144	144	144	144	144	147	147	118	43	43	46	53	54	54	50	49	49	49	49	49	50	59	61	122	134	141	143	159	
93	92	90	90	90	97	127	146	160	164	165	164	159	144	122	96	88	88	95	95	97	99	99	101	101	103	108	110	113	117	117	119	119	114	111	111	111	112	112	114	115	117	120	122	127	133	136	136	137	142	142	137	134	137	142	154	163	191	191	191	191	192	195	198	198	199	201	203	203	205	205	205	205	207	207	209	212	212	212	114	93	93	109	132	151	153	153	153	152	146	121	84	62	51	48	76	123	133	144	144	144	144	144	147	147	46	46	46	53	53	54	54	50	50	50	49	49	50	51	59	105	134	134	141	155	163	
93	93	92	90	90	97	127	146	160	164	164	164	163	143	122	96	88	88	95	95	97	100	101	101	102	106	108	110	112	116	117	119	119	107	107	107	111	111	112	114	117	120	122	127	133	136	136	136	136	137	137	134	134	134	144	173	184	189	191	191	191	191	193	195	199	199	201	203	203	204	205	205	205	205	207	209	211	212	212	212	93	93	105	128	148	153	153	153	152	144	122	84	51	44	44	48	86	124	144	144	144	144	147	147	76	46	46	52	53	54	54	54	53	50	50	50	50	50	51	105	134	134	138	151	159	159	
93	92	90	90	90	92	126	146	160	164	164	164	163	143	122	96	88	88	89	95	97	100	101	101	102	106	108	110	111	112	116	119	119	107	107	107	111	111	113	116	120	122	127	133	136	136	136	136	136	136	134	134	134	144	173	177	184	184	189	189	189	191	193	195	197	199	199	201	203	203	204	204	204	205	207	208	209	211	212	212	199	97	97	128	148	151	153	153	152	144	125	82	51	44	44	48	86	124	184	184	184	171	147	114	47	46	46	53	54	54	54	54	53	52	52	50	50	50	80	138	138	138	147	159	159	159	
90	90	90	90	90	91	124	145	160	164	164	163	163	143	122	96	85	88	89	95	96	97	101	101	101	104	107	110	111	112	112	119	119	107	107	107	111	111	113	118	122	127	129	133	136	136	136	136	136	134	134	134	165	173	173	177	184	184	189	189	187	187	193	195	196	197	197	199	201	202	203	204	204	204	206	207	208	210	211	212	212	122	122	128	146	151	153	153	152	147	125	82	50	44	44	51	124	185	185	185	208	212	212	114	47	47	47	54	54	54	54	53	53	52	52	52	52	62	138	142	142	146	159	159	159	159	
90	90	90	90	91	91	124	145	159	164	164	163	160	143	121	85	79	79	89	95	96	97	99	101	101	104	107	110	111	111	112	119	119	107	107	107	111	113	113	118	122	127	129	129	136	136	136	135	134	134	134	167	170	173	173	175	178	184	189	189	187	187	187	193	196	196	197	197	199	202	202	203	203	203	204	206	206	208	209	212	212	160	123	123	146	153	153	153	153	147	121	82	52	46	51	138	185	185	209	212	212	214	216	212	47	47	48	54	54	54	50	52	52	52	52	52	61	117	142	142	142	159	159	159	159	159	
92	92	92	92	92	98	124	145	159	164	164	163	160	146	120	85	81	81	89	95	96	97	99	101	102	107	108	110	111	111	119	119	117	107	107	109	111	113	113	119	122	122	128	129	129	129	129	134	134	134	167	167	170	173	173	175	178	181	189	189	189	187	187	187	193	195	195	197	199	199	202	202	202	202	203	204	204	206	208	209	207	207	144	144	144	153	153	153	153	147	118	89	70	52	164	175	185	211	211	212	212	214	216	216	48	48	48	53	54	50	49	49	52	52	52	53	88	142	142	142	159	159	159	159	159	158	
94	95	96	96	98	98	124	145	159	164	165	164	163	146	120	85	81	81	94	96	97	97	101	102	103	108	110	111	111	111	119	119	110	107	107	109	111	113	114	119	122	122	122	128	129	129	129	129	145	148	167	167	167	172	173	176	178	181	183	189	189	187	187	187	187	193	195	195	197	199	199	202	202	202	202	202	202	202	205	205	207	205	205	144	152	152	153	153	153	153	147	118	89	175	175	185	208	211	211	211	212	214	216	216	50	48	51	53	53	48	48	48	49	52	52	53	142	144	144	154	159	159	159	159	158	158	
99	99	99	99	99	99	125	145	159	165	165	165	164	152	122	87	85	86	94	97	97	98	102	102	103	108	110	110	111	111	119	119	110	107	107	104	111	113	114	118	121	122	122	122	128	129	129	145	148	148	148	167	167	172	176	177	178	179	181	183	185	187	187	187	187	187	193	195	196	197	199	199	200	198	198	200	200	201	202	203	203	205	203	203	152	152	152	153	153	153	153	165	175	175	185	200	203	208	204	204	211	214	216	216	51	51	51	53	53	48	48	48	49	49	52	107	144	144	146	159	159	159	159	158	158	157	
99	99	99	99	99	101	125	145	159	165	166	166	164	152	123	89	86	86	94	97	98	99	100	102	102	108	109	110	111	111	119	119	119	107	104	104	104	111	113	117	121	122	122	122	126	129	145	148	148	148	148	152	167	172	174	176	178	178	179	181	181	181	187	187	187	187	187	193	195	195	197	199	189	189	191	198	200	200	200	199	198	198	203	194	190	152	152	153	153	156	179	179	179	185	200	200	203	204	204	204	212	214	216	216	53	53	53	53	51	48	48	49	49	49	60	144	144	146	159	159	159	159	159	158	157	156	
99	99	99	99	100	101	125	148	159	166	170	170	166	154	128	93	86	86	92	97	98	99	99	100	102	103	108	110	110	111	131	131	119	107	104	104	104	108	112	114	119	122	122	122	126	142	145	146	148	148	148	152	152	171	174	174	175	178	178	176	176	178	178	178	178	181	182	187	193	195	195	189	189	189	191	194	194	194	194	194	194	194	194	190	186	184	153	153	174	179	179	179	201	201	200	200	203	203	204	204	212	216	216	200	53	53	53	52	47	47	47	49	49	60	126	146	146	150	159	159	159	159	158	157	157	156	
99	99	99	99	100	101	125	148	166	170	171	170	170	154	128	93	86	86	92	96	98	98	99	99	100	103	103	107	110	131	138	138	131	108	104	104	104	108	112	113	119	126	126	126	142	142	142	145	148	148	151	152	152	160	173	174	174	174	174	173	173	176	178	178	178	178	181	182	186	186	188	188	188	189	191	191	194	194	191	191	189	189	186	186	186	186	184	184	184	187	201	201	201	201	201	201	203	203	203	204	210	216	216	127	53	53	52	47	47	47	47	49	60	89	146	146	147	158	159	159	159	158	157	157	157	156	
97	97	99	99	100	101	125	147	166	171	171	171	170	154	128	92	86	86	92	96	98	98	98	99	99	103	103	103	107	156	156	156	138	116	108	104	104	108	112	117	119	126	126	142	142	142	140	142	146	150	151	152	152	160	171	173	174	174	173	173	173	173	176	176	176	176	179	181	182	186	186	186	186	188	189	191	191	186	186	188	188	185	186	186	186	186	190	196	198	199	201	201	201	201	201	203	203	203	203	203	210	210	210	53	53	52	49	47	47	47	49	49	72	137	146	147	153	159	159	159	159	158	157	157	157	157	
97	97	97	98	99	101	125	147	165	172	173	173	170	154	129	92	88	88	95	98	98	98	98	98	99	100	103	103	104	156	156	156	156	122	116	105	105	108	109	117	118	126	134	142	142	140	140	140	150	150	151	151	152	160	166	171	173	173	173	172	173	173	173	175	175	172	172	179	179	179	183	184	186	186	184	184	184	182	182	181	184	184	185	186	186	190	199	199	198	199	200	200	201	201	202	203	203	202	193	193	204	204	204	53	52	52	49	47	47	47	49	58	113	146	146	151	159	159	159	159	160	159	157	157	157	157	
97	97	97	97	98	101	127	148	165	172	172	172	170	154	129	88	88	89	95	98	98	98	98	98	99	100	100	100	103	156	174	169	156	152	122	112	106	106	108	109	118	134	134	140	140	140	140	147	148	150	150	151	151	160	161	166	171	171	171	171	172	173	173	173	172	172	170	172	172	174	177	180	180	180	176	176	182	182	178	181	181	184	185	186	197	197	199	199	198	199	200	200	200	201	203	203	203	186	186	186	193	193	162	52	52	52	51	47	47	49	58	74	146	146	147	159	159	159	159	160	160	159	158	157	157	157	
97	97	97	97	98	101	127	151	164	172	172	172	170	153	129	88	88	89	93	98	98	98	98	98	99	100	100	100	100	174	174	174	169	152	142	112	106	106	106	109	134	134	134	133	138	138	140	145	147	148	150	150	151	155	161	161	166	167	167	169	169	171	172	172	172	166	168	169	172	172	174	177	177	174	174	171	173	173	178	178	181	184	186	187	197	197	194	198	198	199	200	200	200	201	203	203	186	186	186	186	186	174	52	52	52	52	51	51	49	51	74	124	146	147	148	159	159	159	159	159	159	159	158	158	157	157	
97	97	97	97	99	101	127	151	164	171	172	171	170	153	133	92	89	89	93	96	98	98	98	99	99	100	100	100	100	174	174	174	169	149	142	119	106	106	106	130	134	134	133	133	133	138	140	140	145	147	148	150	151	153	155	161	161	166	167	160	160	164	164	164	164	166	166	168	170	172	172	173	173	173	171	171	171	173	178	181	184	186	187	187	193	194	194	194	199	200	200	200	201	204	204	203	186	183	173	173	174	173	52	52	52	52	52	51	51	56	97	146	147	148	155	158	159	159	159	159	159	159	158	158	158	157	
97	97	97	99	100	104	129	149	164	170	170	170	170	157	133	92	89	89	94	96	97	98	99	99	99	100	100	100	100	180	180	174	158	149	142	131	119	106	119	125	134	133	133	133	136	136	138	140	141	143	147	150	150	151	153	153	161	161	153	153	154	154	162	164	164	164	164	166	168	170	172	172	171	166	171	171	173	178	185	190	190	188	187	190	193	194	194	199	199	200	200	201	204	204	204	201	183	167	167	167	167	124	52	52	52	52	52	52	53	59	128	147	147	154	155	159	159	159	159	159	159	159	158	158	157	157	
97	97	99	100	102	108	129	149	164	170	170	170	169	157	131	91	89	89	94	97	97	98	99	99	99	100	100	100	100	180	180	174	158	149	141	136	119	119	119	125	127	133	133	136	136	136	136	138	140	141	143	144	150	148	141	141	132	132	152	152	152	152	154	162	162	152	152	157	157	150	150	166	166	166	166	172	173	185	193	193	193	190	190	193	194	198	199	199	200	203	203	203	204	204	201	183	167	158	162	167	167	46	46	47	52	52	52	52	53	84	143	147	147	154	159	159	159	159	159	159	159	158	156	156	156	156	
99	99	99	100	102	108	132	150	165	170	170	170	169	157	131	91	89	89	94	97	98	98	99	99	99	99	100	100	100	180	180	177	159	141	140	136	119	119	119	122	125	127	135	136	136	134	132	135	138	141	141	143	143	141	141	132	127	120	129	152	152	152	135	124	124	128	139	139	104	104	145	150	166	166	166	172	190	193	193	193	193	193	193	194	198	199	199	199	203	203	203	203	203	201	150	99	136	153	158	167	167	47	47	47	50	52	52	52	57	123	144	146	151	159	159	159	159	159	159	157	157	156	156	156	156	155	
99	99	99	100	105	107	132	150	166	171	173	173	169	157	133	91	89	89	94	97	98	98	99	99	99	99	99	99	99	180	180	180	170	140	136	136	119	119	119	119	122	135	135	135	134	132	132	132	135	138	141	141	141	141	127	127	111	111	111	129	135	135	107	94	94	94	94	73	55	55	104	145	165	166	172	190	193	193	193	193	194	194	194	194	198	199	199	199	199	203	203	203	136	97	97	97	99	153	167	167	48	47	47	49	50	52	52	52	76	144	145	146	159	159	159	159	159	159	159	157	156	156	156	156	155	155	
102	99	99	100	105	107	132	150	167	170	171	170	169	157	135	91	89	89	92	97	98	98	99	99	99	99	99	99	99	180	180	180	180	140	136	136	119	119	119	119	135	135	135	134	132	132	132	132	135	135	135	134	131	127	127	111	111	100	101	111	111	107	85	85	85	85	73	55	55	55	87	145	165	184	185	189	193	193	193	193	194	194	194	194	197	198	199	199	199	199	129	97	97	97	97	99	153	167	167	48	47	47	47	49	50	52	52	55	119	145	145	158	159	159	159	159	159	159	159	157	156	156	156	155	155	155	
105	105	102	104	105	111	129	149	167	169	170	169	169	157	135	91	89	89	92	97	97	98	99	99	99	99	99	99	99	120	180	180	180	151	140	136	136	119	119	128	132	135	127	127	131	132	132	132	135	135	134	131	126	111	111	111	78	80	87	101	101	100	85	85	85	79	73	55	55	87	110	145	184	185	185	189	189	188	188	190	193	194	194	194	197	197	198	198	141	129	129	97	97	117	152	163	167	167	47	47	47	47	49	49	50	52	54	67	138	145	145	159	162	162	160	160	159	159	159	158	157	156	156	155	155	153	
105	105	104	104	104	111	125	149	165	169	169	169	169	157	135	90	89	89	92	97	97	97	98	99	99	99	99	99	99	99	180	180	180	175	151	140	136	125	125	125	128	126	126	126	127	127	127	132	132	134	132	125	82	82	82	65	57	66	80	87	100	76	76	85	85	73	73	73	104	110	138	185	185	185	185	185	185	185	188	188	190	193	194	194	195	197	132	129	129	129	129	138	160	163	163	167	167	46	47	47	49	49	49	49	50	52	54	112	141	145	145	162	164	164	162	160	160	159	159	159	158	157	155	155	155	153	
105	105	104	104	104	108	125	149	165	169	169	169	169	157	136	90	89	89	92	94	97	97	97	98	97	99	99	99	99	99	180	180	180	180	167	140	130	125	125	125	126	126	126	126	126	127	127	127	132	132	86	82	82	82	65	57	57	57	59	80	76	76	76	76	76	73	73	116	122	138	185	185	185	184	184	182	181	185	185	188	190	191	193	193	160	122	122	123	129	129	138	160	170	170	167	167	46	46	46	53	53	51	49	49	50	52	54	131	141	145	162	164	164	164	164	162	160	160	159	159	159	157	155	155	155	155	
105	105	104	104	104	104	127	148	165	169	170	170	169	157	136	90	89	89	92	94	95	97	97	97	97	97	99	99	99	99	119	180	180	180	180	140	128	126	125	125	125	126	126	126	126	126	127	114	114	86	82	77	77	65	65	57	57	57	59	59	74	74	76	76	76	76	116	122	143	190	190	186	184	184	182	180	180	181	185	186	188	191	191	160	122	114	116	116	123	129	152	170	170	170	167	47	46	46	52	52	52	51	49	49	50	54	97	131	140	155	163	164	164	164	164	164	162	160	160	160	159	158	155	155	155	155	
105	105	104	101	101	101	127	148	165	170	170	170	170	157	136	90	87	87	91	92	95	97	97	97	97	99	102	102	102	99	99	180	180	180	180	140	127	126	125	125	126	126	126	126	126	126	114	112	86	83	77	77	65	65	65	57	57	57	57	59	59	74	76	76	76	101	122	144	182	190	187	186	184	184	182	180	180	181	186	186	188	188	188	148	114	112	107	116	123	129	152	152	170	59	49	47	47	51	52	52	52	49	49	50	54	69	119	131	140	163	164	164	164	164	164	164	163	162	160	160	160	159	157	155	155	155	
106	105	104	101	101	101	121	148	165	170	171	171	171	158	134	91	87	87	88	92	96	97	97	97	99	100	102	104	104	102	99	99	180	180	180	127	126	126	125	125	126	126	125	125	125	125	112	86	79	77	77	61	61	64	64	64	57	55	55	57	57	59	76	76	76	117	144	174	182	186	186	184	184	182	178	179	179	181	186	187	188	188	188	148	112	107	107	107	123	129	138	152	59	49	47	47	51	52	52	52	49	49	49	50	54	73	119	131	140	164	164	164	164	164	164	164	163	162	160	160	160	160	157	156	155	155	
106	104	102	100	99	99	121	148	160	171	171	172	171	158	134	91	87	87	88	96	96	97	97	97	99	100	104	104	104	104	101	101	196	196	195	127	126	126	125	125	126	126	126	125	125	120	87	79	77	77	72	63	63	64	64	64	57	55	52	52	57	57	76	76	84	144	167	175	182	182	182	179	179	178	178	178	179	186	193	193	195	195	188	182	112	107	107	107	123	138	138	124	49	46	47	47	52	53	55	52	49	49	49	50	66	110	127	130	153	164	164	164	164	164	164	163	162	162	160	160	160	160	159	156	156	155	
104	104	102	100	99	99	121	146	160	171	172	172	172	160	139	94	87	87	90	96	96	97	97	97	99	100	104	107	108	108	104	108	196	196	195	127	126	124	124	124	125	126	125	120	120	87	79	66	66	66	68	68	63	63	64	64	64	52	52	52	52	57	83	84	144	167	175	182	182	182	179	179	178	178	178	178	186	193	193	197	199	199	195	184	135	107	107	107	107	138	138	124	48	46	47	49	53	55	55	55	49	49	49	49	75	127	127	130	153	160	164	164	164	164	163	162	162	162	162	160	160	160	159	157	156	155	
104	104	103	99	97	97	120	146	162	171	172	172	172	161	139	96	87	87	90	96	96	97	97	99	100	102	104	109	111	111	108	112	167	195	140	117	115	120	124	124	124	124	120	120	85	79	71	53	49	51	66	66	66	63	63	64	64	52	38	49	52	83	84	144	148	167	175	175	182	170	170	170	175	178	178	184	189	193	198	199	199	203	203	195	147	107	107	97	107	118	124	87	49	48	49	53	54	55	55	51	49	49	49	49	127	127	130	147	153	153	160	164	164	163	162	162	162	162	162	160	160	159	157	157	157	155	
104	104	103	99	97	97	119	146	162	172	172	172	172	161	139	97	87	87	91	96	97	97	100	100	101	102	104	111	111	112	112	112	127	140	117	117	115	120	124	124	124	120	105	79	79	71	65	48	48	49	51	66	63	63	63	64	64	38	38	38	103	103	148	148	164	167	175	175	174	170	170	170	170	175	178	185	193	198	199	199	203	207	207	203	167	107	76	76	76	115	115	87	49	49	53	54	55	55	55	51	50	49	49	54	127	130	139	153	153	153	153	160	162	162	162	162	162	162	161	160	159	159	157	157	157	154	
104	104	102	99	97	97	119	146	162	172	172	172	172	161	139	97	87	87	93	97	99	102	102	101	102	102	108	111	113	113	113	116	119	119	117	117	120	123	124	124	122	105	68	68	68	68	65	65	49	51	51	54	63	63	63	63	63	63	38	120	121	164	164	164	166	167	175	175	171	170	170	168	169	171	183	190	195	198	199	203	207	209	209	207	186	115	76	69	69	96	99	99	54	53	54	55	55	55	54	51	51	50	51	75	130	134	153	155	155	153	153	153	154	155	155	155	156	156	160	159	159	157	157	157	155	153	
104	102	99	99	96	96	119	146	162	172	172	172	172	161	139	97	87	87	93	99	100	102	102	102	102	104	108	113	113	114	116	117	119	119	117	117	123	123	123	123	97	68	63	51	51	65	65	65	57	54	54	54	54	63	63	63	63	63	120	121	162	166	166	166	166	167	169	171	166	165	168	168	169	171	183	193	195	198	199	203	207	209	209	209	195	127	80	69	69	96	99	99	59	55	55	56	56	56	54	51	51	51	51	122	134	139	155	159	159	159	154	153	154	154	154	154	154	153	156	157	157	153	153	154	153	153	
103	102	99	99	96	96	119	147	162	172	174	174	172	160	139	97	87	87	96	99	100	102	102	102	102	104	108	113	114	116	117	117	119	119	119	123	126	124	123	97	85	63	63	51	55	63	63	59	57	54	54	54	54	63	63	63	63	95	121	132	162	166	166	166	167	169	169	166	164	164	164	169	171	174	181	193	194	197	199	202	204	208	209	209	205	146	96	69	69	71	99	99	61	59	58	59	58	56	52	51	51	51	69	129	138	143	161	161	160	159	159	159	159	158	154	154	153	153	149	149	149	149	151	151	151	151	
103	102	100	99	96	96	118	147	166	172	174	174	172	160	139	96	87	87	96	99	100	102	102	102	102	105	110	113	116	117	117	119	119	119	119	126	126	126	113	97	85	85	63	55	55	59	59	57	54	54	54	54	54	63	63	63	63	117	121	162	165	166	166	183	169	169	166	164	164	164	164	170	173	176	180	188	193	194	197	199	202	204	208	205	205	146	96	69	69	69	94	94	62	61	61	60	59	56	52	51	51	51	104	129	138	153	160	161	160	159	159	159	159	159	158	155	153	151	149	149	149	148	148	145	151	151	
103	102	101	100	96	96	114	146	166	172	174	174	173	161	139	93	87	87	96	99	100	102	102	102	103	105	110	113	116	117	119	119	119	119	119	119	126	113	97	85	85	85	63	55	55	59	59	57	54	54	54	54	54	54	63	63	101	117	168	165	165	165	183	183	183	163	141	141	142	152	164	170	173	176	177	181	188	193	193	195	199	202	204	205	188	139	71	53	53	50	87	87	62	61	61	61	60	56	55	52	52	55	126	134	138	159	159	160	159	158	158	159	160	160	158	155	155	153	151	149	148	148	145	145	145	144	
103	103	102	100	96	96	114	146	161	172	174	174	174	161	139	93	87	87	96	99	100	102	102	102	103	105	107	113	117	119	119	119	119	89	89	113	113	77	77	85	85	85	63	55	55	57	57	57	54	54	54	54	54	54	54	91	117	168	171	171	171	173	173	183	147	141	141	141	141	127	127	141	170	176	176	177	181	191	191	191	194	199	199	188	139	113	71	53	49	49	50	87	62	61	61	61	56	55	55	55	55	70	126	134	147	159	159	159	158	157	157	158	159	158	158	157	155	155	153	151	151	148	148	145	144	143	
103	102	101	100	96	96	115	146	161	173	174	174	174	161	141	93	87	87	92	99	100	100	102	102	102	105	106	113	119	135	138	138	119	89	89	89	77	77	77	77	85	85	63	49	47	49	57	54	54	54	52	52	50	50	54	117	164	168	173	173	173	173	173	131	131	131	131	131	127	91	116	127	134	166	168	176	181	191	191	191	191	189	188	139	113	71	63	53	49	49	49	87	87	62	61	61	55	54	54	55	55	91	126	134	154	159	159	158	157	157	157	157	158	158	157	157	155	155	155	154	153	151	148	146	145	143	
101	101	100	96	96	96	115	146	162	173	174	174	174	161	142	99	87	87	92	98	99	100	98	98	98	105	106	119	135	138	147	138	119	89	89	89	77	77	77	77	85	85	63	47	47	47	49	54	52	52	52	52	50	50	103	124	168	177	181	177	173	173	100	100	82	82	82	82	82	84	91	116	131	134	157	168	180	191	191	191	189	188	139	91	73	63	63	53	49	49	49	87	87	62	61	61	53	53	53	54	55	125	133	134	156	159	159	158	157	157	157	157	157	157	157	155	155	155	155	155	153	153	148	146	145	143	
97	97	96	94	94	94	110	142	162	173	175	175	174	161	142	99	87	87	92	98	98	98	98	98	98	98	119	135	137	147	147	147	107	89	89	89	89	77	77	77	85	85	47	47	47	47	47	48	52	52	52	52	52	103	124	168	175	181	181	181	173	98	78	68	61	82	82	82	82	82	84	116	130	134	146	157	180	191	191	191	103	91	91	80	63	63	53	51	48	48	48	87	87	67	62	61	53	53	53	53	55	133	134	149	157	157	158	157	155	154	154	155	157	157	154	154	155	155	155	153	153	150	147	146	143	138	
97	97	95	93	93	93	108	141	162	175	175	175	175	162	142	100	87	87	93	98	98	98	98	98	96	96	119	137	137	147	147	129	89	89	89	89	89	87	85	85	85	85	47	47	47	47	47	48	48	52	52	52	103	108	153	168	175	181	181	173	114	83	78	68	61	82	82	82	82	84	109	109	121	134	146	156	180	191	191	114	91	91	91	91	80	54	51	49	48	48	48	87	87	67	62	53	53	53	53	53	93	134	139	156	157	157	157	155	154	154	154	154	154	154	154	154	153	153	152	150	150	145	142	138	135	135	
98	97	95	91	91	91	108	141	162	175	177	177	175	163	141	103	91	91	93	98	98	100	98	98	96	96	119	137	147	147	147	115	89	89	89	89	89	87	87	87	91	85	53	47	47	47	47	47	48	48	52	52	103	108	168	172	190	190	181	129	114	98	83	83	83	83	83	136	159	148	109	121	124	124	138	156	185	191	168	114	103	91	91	91	91	54	53	51	49	49	51	87	87	77	62	53	53	52	52	52	116	136	139	155	156	157	155	155	154	154	154	154	154	154	154	153	153	152	150	145	142	142	136	136	135	135	
98	97	95	91	90	90	107	142	162	177	179	179	179	163	141	105	92	92	97	98	100	100	100	100	98	119	137	141	147	147	115	95	95	89	89	89	85	87	87	91	91	91	63	47	47	47	47	47	47	47	48	60	108	166	172	189	189	189	129	129	131	131	99	99	101	101	136	159	159	159	148	127	124	125	131	149	191	191	168	145	114	114	104	104	91	57	53	53	52	51	52	87	87	86	68	53	52	52	52	52	133	136	147	154	155	155	155	154	154	154	154	154	154	154	154	153	152	150	145	142	141	136	136	136	143	162	
98	96	95	91	90	90	102	142	165	177	179	179	179	163	141	105	92	92	98	100	103	100	100	100	124	124	124	141	81	81	95	95	95	89	89	81	81	85	87	91	91	91	63	47	47	47	47	47	45	45	45	99	129	172	182	186	189	129	129	131	133	141	141	131	124	131	136	156	159	159	148	131	127	128	131	149	191	191	173	151	136	127	117	104	91	59	54	53	53	52	52	87	87	86	68	53	52	52	52	88	133	136	147	154	154	154	154	154	154	154	152	152	154	154	153	148	148	143	142	136	136	136	142	166	177	184	
98	95	91	84	84	84	102	141	165	175	179	179	179	166	142	105	92	92	98	108	109	109	109	116	124	124	116	81	72	72	79	95	95	95	73	73	76	81	87	92	92	88	60	49	47	47	47	47	47	45	47	123	172	182	186	186	129	129	131	135	144	144	144	144	136	136	147	156	159	159	148	131	130	130	130	145	191	191	180	154	147	132	127	112	104	82	58	53	53	52	52	87	87	81	57	50	50	52	52	122	133	137	147	154	154	154	154	154	152	152	152	152	152	152	148	144	142	139	136	136	136	161	181	186	188	188	
97	94	89	84	83	83	92	138	161	174	179	180	180	167	142	104	92	92	98	108	109	109	115	116	116	116	89	81	62	72	79	95	95	95	73	73	76	81	87	92	92	88	60	51	47	47	47	47	47	47	111	123	182	186	186	120	120	121	135	144	146	151	154	154	150	150	156	162	162	159	153	138	131	130	130	141	182	191	191	171	154	147	129	122	112	104	61	53	53	53	53	87	87	64	57	50	50	50	52	132	134	141	154	154	154	154	154	152	152	151	151	151	151	148	144	142	140	139	138	136	161	192	192	191	188	188	
94	90	84	83	83	83	92	138	160	174	179	180	180	167	142	104	92	92	98	106	109	115	116	116	116	105	81	70	70	79	98	95	95	95	73	73	76	80	87	92	92	92	60	51	50	47	47	47	47	108	118	180	186	186	112	112	116	121	135	146	151	154	161	171	171	171	172	170	166	162	153	144	138	130	130	137	181	191	191	173	164	151	136	129	121	112	69	55	53	53	53	87	87	57	50	50	50	50	68	133	134	154	154	154	154	154	152	152	150	150	150	150	148	144	144	140	140	140	140	161	192	195	193	192	191	190	
90	84	83	75	74	74	92	139	160	175	179	180	180	167	142	107	92	92	99	106	115	115	115	116	105	94	81	71	71	85	98	98	95	73	63	51	51	80	80	92	92	92	92	60	51	47	47	47	47	118	118	186	186	168	112	112	116	123	134	146	151	161	166	171	171	173	172	172	170	166	154	149	142	133	130	133	168	191	191	173	164	151	136	131	129	117	69	55	53	53	53	87	87	57	51	50	50	50	105	133	138	154	154	154	154	153	152	152	150	150	149	148	146	144	140	140	140	152	171	192	193	195	195	194	192	192	
80	79	75	75	74	74	90	139	162	175	179	179	179	167	144	107	92	92	100	106	115	115	115	105	104	94	93	74	74	85	98	98	87	63	60	51	49	49	80	80	92	92	95	95	48	47	47	47	109	118	186	186	186	105	105	108	120	123	131	142	149	161	166	171	173	173	173	172	168	166	154	149	142	134	130	130	163	191	191	169	161	154	142	132	129	117	69	55	55	55	55	87	87	66	57	51	50	51	123	138	145	154	155	154	154	152	152	150	150	149	148	146	144	143	140	140	152	171	192	193	193	195	195	195	194	195	
79	78	75	74	73	73	88	139	162	174	175	177	174	164	144	107	92	92	100	106	115	115	115	105	104	104	93	74	74	85	98	98	63	62	60	51	49	49	54	80	80	92	96	95	48	47	47	47	109	118	186	186	72	72	72	108	120	130	131	141	149	151	162	169	173	173	173	172	168	162	149	142	136	134	130	130	160	191	191	169	161	154	142	132	129	117	69	55	55	55	55	87	87	87	59	51	51	51	135	141	154	156	156	155	152	152	150	150	150	148	146	144	143	143	140	140	152	187	193	193	193	195	195	196	203	204	
79	78	77	74	73	73	88	139	159	172	174	174	173	164	144	107	92	92	100	106	115	115	115	105	105	104	93	78	78	85	95	95	62	61	60	50	49	49	54	64	80	96	96	96	48	47	47	47	113	186	186	167	72	72	72	105	118	130	131	141	149	151	157	162	169	172	172	168	167	158	145	136	135	130	130	130	160	191	191	161	157	150	140	132	129	107	55	55	55	55	55	87	108	108	59	51	51	92	135	141	156	156	156	154	152	150	150	150	148	146	145	143	143	140	140	140	177	193	193	193	194	195	199	205	205	205	
79	79	77	67	65	65	86	138	159	170	172	173	173	164	144	104	92	92	106	112	112	115	112	105	105	93	84	78	78	91	95	95	62	61	50	49	49	53	60	76	83	96	96	96	53	48	47	113	113	154	167	72	72	72	74	105	118	128	130	135	144	151	153	157	160	167	167	167	159	155	142	135	131	130	130	130	160	191	191	161	155	150	140	132	128	94	55	55	55	55	55	85	108	108	57	51	51	114	139	144	156	156	155	152	152	150	150	150	148	145	144	143	143	140	140	160	190	193	193	193	194	199	205	205	207	207	
79	79	75	67	65	65	84	134	159	170	172	173	173	164	144	104	104	104	108	110	112	112	109	105	96	84	78	78	78	91	95	95	83	50	50	49	49	53	60	76	98	98	96	56	53	53	76	113	154	154	45	40	40	74	75	97	117	127	129	134	144	147	152	154	157	160	160	159	158	149	136	134	131	131	130	131	149	177	187	187	154	149	139	134	122	75	55	55	55	55	55	76	108	108	51	51	59	139	141	156	156	155	153	152	152	150	150	150	148	145	144	143	141	140	140	183	193	193	193	194	198	205	205	205	207	207	
80	79	75	67	65	65	84	134	160	171	172	173	174	167	144	109	104	104	108	108	109	109	96	96	96	78	78	78	78	91	95	95	83	50	50	49	49	53	55	63	91	96	91	53	53	76	113	154	154	154	45	40	40	74	75	96	115	127	128	133	141	147	151	152	154	157	158	158	155	146	136	134	132	131	131	131	140	177	177	177	152	145	136	134	115	52	52	52	55	55	55	55	108	108	80	59	81	141	142	155	155	154	153	152	152	150	150	150	147	145	144	141	140	140	158	193	193	193	194	198	205	205	205	206	207	207	
80	79	75	68	67	67	103	134	160	171	172	174	174	174	144	113	104	104	104	108	108	96	96	96	96	78	78	78	82	91	95	95	83	53	50	49	49	49	53	63	74	77	74	47	53	113	154	154	154	52	45	41	45	74	79	96	115	127	128	133	141	147	148	152	152	156	156	156	155	146	139	134	132	132	131	131	133	172	172	167	148	143	136	126	89	50	50	52	55	55	55	55	108	108	93	81	93	142	148	155	155	154	153	152	150	150	150	147	147	145	144	140	140	140	177	193	193	194	198	205	206	206	206	207	207	208	
80	78	75	68	68	68	103	142	160	171	172	174	174	174	144	113	104	101	101	104	101	96	96	96	86	78	78	81	82	82	95	95	89	62	50	49	49	49	53	63	74	74	74	74	109	132	132	154	59	52	50	45	50	79	83	100	116	126	127	133	136	145	148	150	152	156	156	156	155	151	139	135	134	132	131	131	133	172	172	160	148	139	135	124	52	50	50	52	55	55	55	55	108	108	96	96	122	148	149	155	155	153	152	150	150	150	150	147	146	145	142	140	140	148	188	193	195	198	202	206	206	206	207	209	209	208	
78	78	75	69	68	76	112	145	163	169	172	174	174	170	144	112	98	98	98	101	101	96	90	86	78	78	78	81	82	82	95	95	95	89	50	49	49	49	49	53	74	74	101	101	125	125	132	99	57	54	52	52	52	81	83	105	118	123	126	133	135	141	145	148	152	154	156	156	156	151	150	139	134	134	134	134	154	172	172	160	148	139	133	105	52	50	50	56	57	57	55	57	108	108	96	96	143	148	151	152	153	152	150	150	150	150	147	147	146	145	142	140	140	158	192	195	196	201	206	206	206	206	209	209	209	209	
76	75	74	69	69	83	123	151	163	168	172	174	174	170	147	112	98	98	98	101	101	90	86	78	78	78	78	78	81	87	95	95	95	95	85	49	49	49	52	53	74	101	101	101	114	125	114	54	54	54	52	52	52	81	102	108	118	123	126	133	133	140	142	145	149	152	154	156	154	151	150	146	143	143	150	154	180	180	174	156	148	137	128	54	51	50	50	56	57	57	57	57	102	102	102	102	146	148	151	152	152	151	150	150	150	147	147	147	146	145	142	140	140	170	194	195	196	205	206	206	206	207	209	209	209	209	
74	74	71	69	69	83	125	151	163	168	172	174	174	169	147	112	95	95	95	101	101	86	78	78	78	73	73	76	78	81	87	95	95	95	95	85	56	56	56	68	101	101	101	101	107	107	54	54	54	54	52	52	52	99	102	108	118	125	126	131	133	140	140	142	145	149	149	149	151	150	148	147	146	150	164	183	183	182	174	151	143	137	117	51	50	50	56	57	68	62	57	57	70	102	102	102	146	148	151	152	152	150	150	150	149	147	147	147	146	142	140	140	140	175	194	196	202	207	207	207	207	208	209	209	209	209	
73	71	69	69	69	79	125	150	163	168	172	174	174	169	149	112	94	94	95	101	101	78	78	78	73	69	69	73	76	78	78	78	95	95	95	91	85	63	68	101	136	107	107	107	107	64	54	54	54	54	54	52	54	95	102	108	118	126	128	129	134	139	140	140	142	144	147	147	147	147	147	147	148	150	164	179	183	174	174	143	137	137	51	51	50	51	57	68	68	68	57	57	70	102	102	129	146	148	152	152	152	150	150	150	149	147	147	147	144	142	139	139	139	183	196	198	205	207	207	207	208	208	209	210	210	210	
68	68	68	68	69	79	123	150	164	168	172	174	174	170	149	112	94	94	100	101	101	78	78	73	73	69	68	69	76	78	78	78	81	95	95	91	91	91	131	136	136	136	107	107	107	54	54	54	54	54	54	54	54	85	95	102	112	126	128	129	134	136	139	139	140	140	140	140	140	143	143	147	148	150	164	164	164	164	143	137	137	123	51	51	51	56	62	68	68	68	61	57	57	102	126	141	148	152	152	152	152	150	150	149	149	147	147	146	144	143	139	139	139	186	196	204	208	208	208	208	208	208	210	212	212	211	
63	63	68	68	68	79	123	151	164	171	174	175	174	170	149	112	108	100	100	101	101	78	68	69	69	68	65	65	78	78	85	81	81	81	91	91	91	131	136	136	136	132	107	107	54	54	54	54	54	54	54	54	54	83	86	95	111	121	126	128	132	136	139	139	139	139	133	132	132	132	132	131	131	131	131	131	131	131	136	137	136	52	51	51	51	56	65	66	68	68	61	56	57	102	140	148	151	152	152	152	152	150	150	149	149	149	147	146	144	144	140	140	144	187	203	208	209	209	209	208	208	210	212	212	212	212	
60	63	64	68	68	84	123	151	164	172	177	178	178	172	149	120	112	100	100	101	101	68	67	67	68	68	68	68	78	85	85	85	81	81	91	91	117	131	136	136	132	132	107	107	54	54	54	54	54	54	54	54	54	78	83	86	101	118	121	126	128	135	137	139	139	138	133	132	132	126	131	131	131	131	131	131	131	131	135	135	135	50	50	50	51	51	65	66	68	68	61	55	55	140	140	150	151	152	152	152	152	151	150	150	149	149	147	146	145	144	140	140	149	193	208	210	210	210	210	210	210	211	212	212	212	212	
58	59	61	64	68	94	121	151	163	172	177	178	178	174	151	121	112	100	100	101	101	101	67	67	67	68	68	78	85	85	85	85	85	81	91	103	131	131	131	136	132	132	107	54	54	54	54	54	54	54	54	54	58	67	78	83	96	115	118	121	128	130	135	139	139	139	133	132	129	126	129	131	131	131	141	141	135	135	135	135	50	50	50	50	50	51	65	68	68	68	61	56	56	140	147	151	151	152	152	152	152	152	151	150	149	149	147	146	145	144	140	140	152	200	210	210	210	210	210	210	211	212	212	212	212	211	
57	57	57	61	70	94	120	151	161	172	177	178	178	174	151	121	100	100	100	101	101	94	67	67	67	68	68	84	85	85	85	85	100	103	103	119	131	131	131	136	136	107	56	54	54	54	54	54	54	54	58	58	59	59	71	74	91	105	115	118	121	130	131	135	139	139	139	133	132	129	129	131	131	131	141	141	141	136	135	105	50	50	50	50	51	51	57	68	68	68	61	61	61	139	147	151	152	152	152	152	152	152	152	151	150	149	146	145	144	141	140	140	156	206	210	213	213	213	213	214	212	212	212	212	211	210	
54	54	54	57	72	97	115	146	161	177	177	178	178	172	150	109	100	100	100	100	94	74	67	66	66	66	68	84	85	85	85	100	103	103	103	106	131	131	136	136	136	56	54	54	54	54	54	54	54	59	59	59	59	59	59	71	74	98	105	113	118	123	131	134	135	139	139	139	134	134	131	131	131	141	141	141	141	140	129	54	50	50	50	51	51	51	51	68	68	68	62	61	62	137	147	152	152	152	152	152	152	152	152	152	150	148	145	144	143	141	137	137	156	209	213	213	213	213	214	214	214	212	212	211	211	210	
52	52	53	54	97	102	115	140	156	176	177	177	177	170	150	109	100	100	100	94	88	74	66	64	64	64	66	84	85	85	102	103	103	103	103	105	109	131	131	136	56	54	54	54	54	54	54	54	54	54	59	59	59	59	59	67	71	86	98	108	113	123	129	133	135	139	139	139	139	137	137	140	145	149	149	145	141	140	54	52	50	50	51	51	51	51	51	68	68	68	68	62	62	135	150	152	153	153	153	152	152	152	152	152	151	148	144	143	143	140	137	137	157	213	215	214	214	214	214	214	212	212	211	211	210	210	
48	52	52	53	99	103	117	140	156	175	177	177	177	170	151	110	100	100	100	90	88	82	64	64	64	64	64	79	85	85	103	103	103	103	105	105	105	106	109	82	55	54	54	54	54	54	54	54	54	54	54	59	59	59	63	67	67	71	86	98	108	113	124	130	135	139	139	139	141	146	146	161	161	161	155	149	145	140	52	52	52	51	53	52	51	51	52	68	73	69	68	62	62	135	150	150	153	153	153	153	152	151	151	151	151	148	144	143	141	138	137	137	163	215	215	215	214	214	214	214	212	212	211	210	209	208	
48	48	52	53	99	103	117	140	157	175	175	177	177	170	151	110	100	100	100	88	87	82	64	64	64	64	64	79	79	85	103	103	103	107	107	105	105	105	87	55	54	54	54	54	54	54	54	54	54	54	54	54	59	59	59	63	67	67	67	69	97	108	117	124	131	138	139	141	146	146	156	161	161	161	158	153	145	69	55	52	53	53	53	53	52	52	55	73	73	73	69	62	62	137	145	150	151	153	153	152	151	151	151	151	151	148	144	141	140	134	129	129	182	215	215	214	214	214	214	214	212	211	210	207	207	206	
48	48	49	53	82	99	122	140	158	172	175	176	176	170	151	107	100	100	100	87	82	76	64	64	57	57	57	79	79	85	85	103	107	107	107	107	105	105	87	55	54	54	54	54	54	54	54	54	54	54	54	54	59	59	59	60	65	67	67	67	69	97	108	117	124	131	138	141	146	155	156	161	162	162	161	149	138	69	56	55	55	54	53	53	52	52	63	73	73	73	73	64	64	137	141	145	150	151	151	151	151	151	151	151	150	147	143	140	140	134	129	129	192	215	215	214	214	214	214	213	211	208	206	204	199	192	
48	48	48	49	76	99	122	140	159	172	174	175	174	170	146	121	101	100	87	81	76	71	64	60	57	57	57	57	79	79	85	86	103	107	107	110	122	122	105	55	54	54	54	54	54	54	54	53	53	54	54	54	55	59	59	59	60	65	67	67	68	85	108	117	126	131	134	138	144	155	156	161	162	162	161	149	138	69	57	56	56	55	54	53	52	52	63	73	73	74	73	72	72	137	137	141	139	139	140	143	143	143	151	150	147	144	143	140	140	132	129	129	201	212	214	213	213	213	213	211	208	206	197	185	144	65	
48	48	48	49	73	93	104	140	159	171	172	174	172	169	146	138	107	100	81	71	71	71	64	60	60	57	57	57	79	85	85	85	103	107	110	122	122	122	122	105	54	54	54	54	54	54	54	53	53	53	54	54	54	55	59	59	59	60	67	68	85	107	116	124	131	134	134	138	144	150	155	156	161	162	162	161	149	138	66	57	56	56	54	52	52	52	63	73	74	74	74	73	74	137	137	137	132	124	124	124	124	137	139	142	144	143	140	140	132	129	129	129	207	208	212	212	211	209	209	208	200	185	148	69	60	60	
55	53	49	53	61	82	97	136	156	171	171	172	172	169	154	138	118	81	81	71	71	64	64	60	60	60	58	62	79	85	85	85	86	107	110	110	122	122	122	122	105	54	54	54	54	54	54	53	53	53	53	54	54	55	57	59	59	59	68	85	107	116	123	126	131	134	135	139	144	145	150	150	156	161	162	172	186	193	194	106	57	56	54	52	52	52	64	74	74	74	74	74	74	137	137	137	132	124	124	124	124	123	116	123	129	133	133	132	129	127	129	129	207	207	208	209	209	209	208	200	185	148	69	65	60	60	
71	55	53	61	61	64	82	126	156	171	171	172	172	172	154	118	118	81	81	46	61	61	61	60	60	60	62	62	79	85	85	85	85	97	99	110	111	122	122	122	105	75	54	54	54	54	54	53	53	53	53	54	54	54	55	57	59	59	68	92	111	120	123	124	130	133	135	139	142	144	145	150	150	159	172	186	189	194	194	196	202	122	56	53	52	52	74	74	74	74	74	74	75	137	137	137	133	133	127	124	123	116	116	116	113	112	114	116	118	118	127	144	207	207	207	208	208	208	205	185	150	69	69	65	65	80	
128	96	61	61	64	64	66	112	154	171	171	172	172	172	154	118	118	86	46	46	46	61	61	61	60	61	62	62	68	85	85	85	85	85	97	99	111	122	122	122	101	75	57	54	54	54	54	54	53	53	54	54	54	54	54	57	59	59	59	92	112	120	121	124	130	133	135	139	141	142	144	146	150	159	176	186	189	194	195	202	202	202	202	93	53	58	74	74	74	74	74	74	75	137	137	137	137	136	134	132	131	123	116	113	112	112	112	114	115	118	118	144	206	207	207	208	208	205	194	150	69	69	69	69	80	83	
132	132	110	85	64	64	64	112	154	167	171	172	172	169	154	144	118	86	46	46	46	61	61	61	61	61	62	62	64	68	85	85	85	85	97	99	111	122	122	122	101	92	75	54	54	54	54	54	54	54	54	54	54	54	56	59	59	59	59	88	114	118	121	124	130	135	137	140	141	142	142	146	155	163	176	184	188	189	194	198	202	202	202	202	159	74	74	74	74	74	74	74	74	133	137	137	142	142	136	134	134	131	129	122	113	112	112	115	115	118	118	151	206	207	208	208	208	194	150	86	79	79	80	82	85	85	
132	132	132	113	85	64	65	113	153	167	172	172	172	167	166	150	118	86	46	46	47	61	61	61	61	62	62	62	62	68	80	80	80	80	90	97	111	127	127	122	108	101	92	66	54	54	54	54	54	54	54	56	56	56	60	60	64	59	64	82	114	118	121	126	135	135	139	139	141	141	142	147	159	163	170	180	184	188	190	194	198	202	202	205	207	179	74	74	74	70	74	74	74	133	137	142	145	145	142	139	137	134	131	129	125	120	120	120	120	118	124	151	207	211	211	208	204	163	86	86	86	85	85	89	89	89	
130	132	132	133	113	72	72	113	153	172	172	172	172	167	166	150	118	48	46	46	47	54	61	61	61	62	62	62	62	62	80	80	80	80	80	90	99	121	122	121	108	108	97	80	54	54	54	54	54	54	54	56	56	56	60	64	64	64	73	82	112	115	121	133	135	137	139	139	140	141	145	150	160	163	168	173	180	184	188	192	195	202	205	207	207	208	179	74	59	59	70	74	74	137	139	146	146	146	145	142	140	138	132	132	129	125	120	120	124	124	128	151	211	211	211	208	189	131	86	86	87	87	89	93	93	93	
127	132	133	133	133	87	87	113	157	172	173	173	172	168	166	150	70	48	46	46	46	52	54	54	61	62	62	62	62	62	80	80	80	80	80	90	92	113	121	121	108	108	108	80	54	54	54	54	54	54	54	56	56	56	56	64	75	75	75	82	109	115	126	134	135	137	139	139	141	142	145	150	160	160	165	171	176	180	184	188	195	201	204	207	208	208	208	126	59	59	53	70	74	139	144	146	146	146	145	142	140	139	138	132	132	127	125	125	125	128	138	206	211	211	211	205	161	89	89	87	87	93	100	97	97	97	
79	127	135	135	135	87	87	113	157	173	173	173	173	168	166	150	70	47	47	46	47	51	51	51	51	61	62	62	62	62	62	80	80	80	90	90	92	92	121	121	121	108	80	79	54	54	54	54	54	54	54	54	56	56	56	64	75	75	75	75	109	124	130	134	135	137	139	139	142	143	147	150	156	160	164	168	174	177	183	187	190	199	202	206	208	208	211	208	59	52	52	53	97	139	144	145	146	145	145	142	140	140	138	135	132	127	127	127	128	138	177	211	211	211	211	201	133	91	89	89	93	100	100	97	97	97	
48	106	145	145	145	87	87	113	155	173	173	173	173	170	155	150	71	47	47	47	47	47	51	51	51	51	61	61	59	59	62	62	80	80	90	90	90	92	121	121	121	80	80	79	54	54	54	54	54	54	54	54	54	56	56	85	85	85	75	84	116	126	132	133	135	137	139	142	142	143	147	149	155	158	162	167	174	177	183	186	190	198	202	206	208	211	211	211	189	52	52	52	129	144	145	145	145	145	145	142	140	139	138	135	132	127	127	127	138	177	199	212	212	212	207	186	97	91	91	92	102	102	100	97	97	101	
43	96	153	154	154	91	91	111	154	173	177	177	174	173	155	153	113	49	47	47	47	47	50	51	51	51	51	51	59	59	59	59	62	80	90	90	90	90	121	121	121	113	80	80	54	54	54	54	53	53	53	54	54	54	56	98	98	98	85	94	116	132	132	133	137	137	137	140	142	143	144	149	153	156	160	162	173	176	177	183	189	195	202	206	207	211	211	211	211	52	40	40	137	144	145	145	145	145	145	142	139	139	136	133	130	127	127	127	177	199	207	212	212	212	203	150	94	93	92	101	103	103	97	97	98	101	
33	91	153	154	154	95	95	110	154	177	177	178	177	174	157	153	113	53	49	47	47	47	47	50	51	51	49	49	49	53	53	55	55	64	90	90	90	90	121	140	140	121	113	80	80	54	54	54	53	53	53	54	54	55	66	98	98	98	94	94	116	132	132	137	137	137	137	138	140	143	144	147	150	156	159	161	164	173	176	182	187	194	198	206	207	210	212	212	212	158	40	40	137	139	145	145	145	145	143	141	139	139	135	130	130	128	127	177	204	207	210	213	213	212	186	111	94	93	93	101	103	103	97	97	101	103	
33	79	152	154	154	96	96	109	157	176	177	178	176	174	157	128	72	60	49	47	47	47	47	50	51	51	49	49	49	49	53	53	55	55	64	90	90	114	134	134	134	134	113	113	80	78	54	54	54	53	53	53	54	66	83	120	120	118	98	109	120	130	132	137	137	137	137	138	138	141	144	144	149	156	159	161	161	171	175	182	187	191	196	204	207	208	212	212	212	212	40	40	136	139	145	145	145	144	143	141	139	139	135	130	128	128	131	204	207	209	213	214	213	212	155	106	100	99	99	103	103	100	97	101	101	103	
33	79	150	154	154	111	96	100	157	175	176	176	175	172	156	128	72	60	47	47	47	47	48	50	51	51	51	49	49	49	49	53	55	55	55	64	90	129	129	134	134	126	113	89	82	80	78	76	58	54	53	53	53	69	100	120	120	120	109	109	121	130	133	137	137	137	137	138	138	139	143	144	148	156	157	159	161	168	175	181	182	191	196	201	206	207	212	213	214	214	122	122	136	142	143	145	144	143	143	141	141	139	135	130	128	128	147	207	207	209	214	214	214	208	135	106	102	99	99	99	100	97	97	101	101	99	
37	64	148	154	154	113	96	96	155	174	175	175	175	172	156	140	60	51	47	47	47	47	48	50	51	51	51	49	49	49	49	49	55	55	55	64	86	129	129	129	126	121	89	89	82	78	78	76	68	55	53	53	53	85	110	120	120	120	109	109	123	133	135	137	137	137	137	137	138	139	141	143	147	149	156	158	160	165	170	181	182	191	196	200	206	207	212	213	214	214	138	136	138	142	142	143	143	143	141	141	141	139	135	130	130	130	163	201	207	207	214	214	208	156	119	111	102	99	99	99	97	97	97	99	99	97	
37	50	144	154	154	113	96	96	152	173	175	175	175	175	157	152	59	51	47	47	47	48	48	50	51	52	52	50	49	49	49	49	49	55	55	64	86	111	126	126	121	121	89	82	80	65	68	68	65	55	53	53	78	85	119	120	120	120	109	109	123	133	137	137	137	137	137	137	137	139	140	141	147	148	149	157	158	161	168	173	182	186	195	199	205	206	210	213	213	213	203	138	140	142	142	142	142	142	141	141	141	139	135	134	131	134	163	192	203	207	210	210	196	133	119	111	102	99	99	97	97	97	99	99	97	96	
39	50	136	154	154	122	96	96	151	173	175	176	176	175	160	153	59	51	47	47	48	48	48	48	51	52	52	52	50	49	46	46	48	55	55	72	86	88	111	111	121	121	121	82	65	65	65	65	55	53	53	53	78	106	119	121	120	120	109	112	123	136	137	138	139	139	139	137	137	137	139	141	145	147	149	155	157	161	167	168	182	186	195	199	200	205	207	212	213	213	212	143	140	140	142	142	142	142	142	141	141	139	139	135	134	139	139	163	192	203	209	209	189	125	111	107	96	96	96	97	97	99	99	95	95	95	
39	40	129	154	154	134	96	96	151	173	175	176	176	174	160	153	59	52	47	47	47	48	48	48	52	52	52	52	50	49	46	46	48	55	56	72	85	86	88	88	111	121	111	82	54	54	54	54	52	53	53	58	89	108	120	121	121	109	109	123	136	137	138	141	141	141	139	138	137	137	139	141	143	145	149	151	155	159	162	168	175	184	190	195	200	204	207	212	212	213	213	143	140	129	129	132	140	142	141	141	140	140	139	139	139	139	139	144	163	203	209	209	170	118	107	96	96	96	96	96	97	99	94	94	95	95	
39	40	129	154	154	134	96	96	147	169	175	176	176	174	160	136	81	52	47	47	47	47	48	48	52	52	52	52	52	49	47	47	49	56	72	85	85	85	83	83	83	111	83	54	51	51	52	52	47	49	53	75	99	118	118	120	108	108	109	131	136	137	139	141	141	141	141	139	137	137	139	141	141	145	149	151	153	158	162	168	171	179	189	194	200	204	208	211	212	213	213	190	129	90	90	101	109	126	130	137	140	140	139	139	140	144	144	144	163	208	208	203	149	113	98	96	96	96	96	96	96	95	94	94	95	95	
39	40	111	154	154	143	96	96	145	168	175	176	176	175	160	127	96	81	47	47	47	47	47	52	52	52	52	52	52	49	49	49	50	56	85	85	85	85	83	83	83	83	54	50	50	50	50	47	47	49	74	80	111	118	118	118	108	108	128	131	134	137	140	141	141	141	141	139	139	138	139	140	141	145	149	152	153	158	159	166	168	175	188	192	194	204	208	210	212	213	213	213	93	90	90	90	90	90	96	104	117	134	134	140	144	144	144	163	198	208	208	185	128	98	88	88	88	96	96	96	95	94	94	95	95	92	
40	50	111	154	154	147	96	96	145	168	174	175	176	175	160	114	96	81	47	47	47	47	52	52	52	52	52	54	52	50	50	50	50	50	85	85	85	99	88	83	83	54	50	49	49	48	46	47	47	49	74	95	115	115	118	105	105	108	130	132	134	137	140	141	141	141	141	141	139	139	139	139	140	143	145	152	153	156	158	162	168	173	181	188	194	202	206	209	212	215	216	216	93	90	90	90	90	90	90	85	77	80	87	119	140	144	163	180	198	208	208	153	98	80	80	86	88	88	91	95	94	94	94	95	95	80	
50	80	105	154	154	154	98	98	144	168	174	175	176	176	160	114	96	70	53	47	47	47	52	52	52	52	54	54	54	50	50	50	50	50	53	85	99	99	99	88	83	51	49	49	48	46	46	46	47	58	85	108	115	115	113	105	105	125	132	134	137	138	139	140	141	141	141	141	141	139	139	139	139	140	143	147	153	156	158	162	162	172	175	186	191	197	203	207	211	215	215	215	137	93	93	93	91	90	85	77	77	77	63	87	119	153	163	186	200	200	192	121	78	78	78	80	86	91	91	91	94	94	95	95	88	68	
80	90	105	161	161	161	115	115	142	168	174	176	176	176	157	99	96	56	53	49	47	47	52	52	52	52	54	55	55	50	50	50	50	50	53	58	85	99	99	93	88	51	49	48	46	46	46	46	47	79	102	109	113	113	105	105	113	132	134	134	137	138	139	140	141	141	141	141	141	139	139	139	139	139	140	145	147	153	157	158	162	169	172	179	191	195	200	207	209	213	215	214	205	95	95	95	96	92	85	80	77	63	63	74	119	153	180	186	186	192	156	74	74	75	78	78	89	91	91	89	91	94	95	95	86	68	
90	100	123	161	165	165	119	119	141	168	175	176	176	176	157	99	92	53	52	49	47	47	52	52	52	52	54	55	55	52	50	50	50	52	58	58	67	99	99	99	88	49	48	46	45	45	46	47	69	83	93	102	109	101	104	105	125	132	134	134	137	138	139	140	141	141	143	143	141	141	139	139	139	139	140	144	145	150	153	158	162	164	172	179	189	194	199	203	209	210	213	213	212	95	95	96	96	97	92	85	80	75	74	75	131	180	186	186	186	163	74	72	74	74	78	84	91	91	85	85	89	95	95	95	84	73	
93	105	123	160	165	165	119	119	141	168	175	178	178	178	161	99	92	52	49	47	47	47	52	52	52	52	55	55	55	55	50	50	50	52	58	60	67	85	99	99	79	48	46	45	44	44	46	54	68	83	83	93	101	101	104	122	125	132	134	134	136	138	139	139	141	143	143	143	143	143	143	139	139	139	140	143	144	147	152	155	161	162	170	172	184	191	196	200	207	210	212	212	212	106	95	96	99	99	99	92	85	81	81	92	131	149	186	186	163	75	75	72	74	75	84	91	91	85	85	85	98	98	98	94	79	73	
93	105	111	148	165	165	127	127	141	168	178	178	178	178	165	97	69	52	49	49	47	49	52	52	52	52	55	55	55	55	55	50	50	50	58	62	82	85	98	98	73	48	46	43	43	44	44	54	68	83	83	93	98	104	122	125	130	132	133	134	134	138	139	139	139	143	143	143	143	143	143	143	139	140	140	143	143	147	149	155	158	161	169	172	178	187	196	199	206	210	211	212	211	178	95	95	99	99	99	99	99	92	92	105	120	131	149	122	91	78	75	75	75	84	89	91	89	85	85	86	101	101	98	93	73	73	
63	93	105	148	165	165	132	132	134	165	178	179	179	178	165	69	56	52	49	49	49	52	52	52	52	52	55	55	55	55	55	50	50	50	58	77	82	85	86	86	59	48	46	43	43	44	50	57	68	83	93	98	118	122	125	126	130	130	132	134	134	136	138	139	139	140	143	143	143	143	144	144	143	140	140	141	143	144	147	155	158	161	165	172	177	184	191	197	200	206	211	211	211	178	95	93	96	99	102	102	102	105	105	111	111	120	120	109	91	85	82	82	84	89	89	89	79	81	86	104	104	104	98	75	73	66	
58	68	93	141	165	165	133	133	134	163	174	179	179	178	164	64	55	52	52	49	52	54	54	52	52	52	55	55	55	55	55	50	50	50	58	77	81	82	86	86	59	46	46	44	44	50	57	84	94	99	116	118	122	124	126	128	128	130	132	133	134	135	138	139	139	140	142	143	143	144	144	144	144	143	141	143	143	144	147	151	156	159	165	172	176	180	186	191	200	206	209	211	211	178	93	93	93	102	102	107	110	112	112	112	111	111	111	109	96	91	85	85	89	89	87	79	79	81	93	107	107	104	98	75	66	59	
58	60	68	141	165	165	163	134	134	163	174	179	179	178	148	64	63	52	52	52	54	55	55	55	52	55	55	55	55	55	55	55	51	55	58	76	77	77	82	76	59	46	46	46	50	57	84	100	108	116	118	122	122	124	126	128	128	130	132	133	134	135	138	138	139	140	141	143	143	144	144	144	144	144	143	143	144	146	148	151	155	158	166	168	176	180	185	191	192	201	206	209	211	211	120	93	93	102	106	110	112	112	112	112	112	111	111	111	109	95	91	89	89	87	79	79	79	86	109	109	107	99	83	63	59	58	
53	58	60	155	165	165	165	134	134	163	175	179	179	178	148	78	64	58	58	58	56	56	56	55	55	55	55	55	55	75	76	76	58	58	59	76	76	76	76	75	75	49	49	49	57	80	100	108	112	118	121	122	124	126	127	127	128	129	132	133	134	135	136	138	139	141	141	143	144	144	144	144	144	144	144	145	146	147	150	151	155	158	166	168	172	176	183	191	192	199	204	206	211	211	190	93	93	93	102	106	112	114	115	115	112	112	114	113	111	97	91	89	89	86	79	79	86	108	109	109	107	86	59	58	58	58	
