// [[1 1 3 2 3 0 0 1 3 1 3 3 1 3 2 0]
//  [1 0 3 0 1 2 0 3 0 2 1 0 2 1 1 2]
//  [0 2 1 3 1 2 0 2 0 0 0 0 0 3 3 3]
//  [3 3 3 2 3 0 0 0 0 1 2 1 2 2 1 1]
//  [3 0 1 2 0 1 0 2 1 2 0 2 2 1 1 3]
//  [0 2 0 1 0 3 3 3 1 2 3 0 0 2 1 3]
//  [0 1 2 1 0 3 3 0 0 2 0 3 3 3 0 3]
//  [1 1 1 3 3 3 3 3 1 2 0 3 2 1 2 3]
//  [2 0 1 1 1 0 0 3 1 0 0 1 2 0 0 1]
//  [0 2 1 0 0 1 1 2 3 3 2 1 3 1 2 1]
//  [2 2 0 1 0 3 0 3 2 0 2 2 2 0 2 3]
//  [1 0 0 3 0 1 1 2 3 3 2 2 0 2 1 1]
//  [3 2 1 1 1 3 0 3 1 3 3 0 3 0 3 2]
//  [1 0 3 2 3 0 1 3 2 2 1 1 2 1 2 0]
//  [3 3 0 2 1 3 3 3 1 1 2 3 0 1 0 1]
//  [0 0 0 0 0 3 3 2 0 2 3 3 0 1 0 3]]
00000001_00000001_00000011_00000010_00000011_00000000_00000000_00000001_00000011_00000001_00000011_00000011_00000001_00000011_00000010_00000000
00000001_00000000_00000011_00000000_00000001_00000010_00000000_00000011_00000000_00000010_00000001_00000000_00000010_00000001_00000001_00000010
00000000_00000010_00000001_00000011_00000001_00000010_00000000_00000010_00000000_00000000_00000000_00000000_00000000_00000011_00000011_00000011
00000011_00000011_00000011_00000010_00000011_00000000_00000000_00000000_00000000_00000001_00000010_00000001_00000010_00000010_00000001_00000001
00000011_00000000_00000001_00000010_00000000_00000001_00000000_00000010_00000001_00000010_00000000_00000010_00000010_00000001_00000001_00000011
00000000_00000010_00000000_00000001_00000000_00000011_00000011_00000011_00000001_00000010_00000011_00000000_00000000_00000010_00000001_00000011
00000000_00000001_00000010_00000001_00000000_00000011_00000011_00000000_00000000_00000010_00000000_00000011_00000011_00000011_00000000_00000011
00000001_00000001_00000001_00000011_00000011_00000011_00000011_00000011_00000001_00000010_00000000_00000011_00000010_00000001_00000010_00000011
00000010_00000000_00000001_00000001_00000001_00000000_00000000_00000011_00000001_00000000_00000000_00000001_00000010_00000000_00000000_00000001
00000000_00000010_00000001_00000000_00000000_00000001_00000001_00000010_00000011_00000011_00000010_00000001_00000011_00000001_00000010_00000001
00000010_00000010_00000000_00000001_00000000_00000011_00000000_00000011_00000010_00000000_00000010_00000010_00000010_00000000_00000010_00000011
00000001_00000000_00000000_00000011_00000000_00000001_00000001_00000010_00000011_00000011_00000010_00000010_00000000_00000010_00000001_00000001
00000011_00000010_00000001_00000001_00000001_00000011_00000000_00000011_00000001_00000011_00000011_00000000_00000011_00000000_00000011_00000010
00000001_00000000_00000011_00000010_00000011_00000000_00000001_00000011_00000010_00000010_00000001_00000001_00000010_00000001_00000010_00000000
00000011_00000011_00000000_00000010_00000001_00000011_00000011_00000011_00000001_00000001_00000010_00000011_00000000_00000001_00000000_00000001
00000000_00000000_00000000_00000000_00000000_00000011_00000011_00000010_00000000_00000010_00000011_00000011_00000000_00000001_00000000_00000011