// [[1 0 0 0 0 0 0 0 0 0 0 0 0 0 0 0]
//  [0 1 0 0 0 0 0 0 0 0 0 0 0 0 0 0]
//  [0 0 1 0 0 0 0 0 0 0 0 0 0 0 0 0]
//  [0 0 0 1 0 0 0 0 0 0 0 0 0 0 0 0]
//  [0 0 0 0 1 0 0 0 0 0 0 0 0 0 0 0]
//  [0 0 0 0 0 1 0 0 0 0 0 0 0 0 0 0]
//  [0 0 0 0 0 0 1 0 0 0 0 0 0 0 0 0]
//  [0 0 0 0 0 0 0 1 0 0 0 0 0 0 0 0]
//  [0 0 0 0 0 0 0 0 1 0 0 0 0 0 0 0]
//  [0 0 0 0 0 0 0 0 0 1 0 0 0 0 0 0]
//  [0 0 0 0 0 0 0 0 0 0 1 0 0 0 0 0]
//  [0 0 0 0 0 0 0 0 0 0 0 1 0 0 0 0]
//  [0 0 0 0 0 0 0 0 0 0 0 0 1 0 0 0]
//  [0 0 0 0 0 0 0 0 0 0 0 0 0 1 0 0]
//  [0 0 0 0 0 0 0 0 0 0 0 0 0 0 1 0]
//  [0 0 0 0 0 0 0 0 0 0 0 0 0 0 0 1]]
00000001_00000000_00000000_00000000_00000000_00000000_00000000_00000000_00000000_00000000_00000000_00000000_00000000_00000000_00000000_00000000
00000000_00000001_00000000_00000000_00000000_00000000_00000000_00000000_00000000_00000000_00000000_00000000_00000000_00000000_00000000_00000000
00000000_00000000_00000001_00000000_00000000_00000000_00000000_00000000_00000000_00000000_00000000_00000000_00000000_00000000_00000000_00000000
00000000_00000000_00000000_00000001_00000000_00000000_00000000_00000000_00000000_00000000_00000000_00000000_00000000_00000000_00000000_00000000
00000000_00000000_00000000_00000000_00000001_00000000_00000000_00000000_00000000_00000000_00000000_00000000_00000000_00000000_00000000_00000000
00000000_00000000_00000000_00000000_00000000_00000001_00000000_00000000_00000000_00000000_00000000_00000000_00000000_00000000_00000000_00000000
00000000_00000000_00000000_00000000_00000000_00000000_00000001_00000000_00000000_00000000_00000000_00000000_00000000_00000000_00000000_00000000
00000000_00000000_00000000_00000000_00000000_00000000_00000000_00000001_00000000_00000000_00000000_00000000_00000000_00000000_00000000_00000000
00000000_00000000_00000000_00000000_00000000_00000000_00000000_00000000_00000001_00000000_00000000_00000000_00000000_00000000_00000000_00000000
00000000_00000000_00000000_00000000_00000000_00000000_00000000_00000000_00000000_00000001_00000000_00000000_00000000_00000000_00000000_00000000
00000000_00000000_00000000_00000000_00000000_00000000_00000000_00000000_00000000_00000000_00000001_00000000_00000000_00000000_00000000_00000000
00000000_00000000_00000000_00000000_00000000_00000000_00000000_00000000_00000000_00000000_00000000_00000001_00000000_00000000_00000000_00000000
00000000_00000000_00000000_00000000_00000000_00000000_00000000_00000000_00000000_00000000_00000000_00000000_00000001_00000000_00000000_00000000
00000000_00000000_00000000_00000000_00000000_00000000_00000000_00000000_00000000_00000000_00000000_00000000_00000000_00000001_00000000_00000000
00000000_00000000_00000000_00000000_00000000_00000000_00000000_00000000_00000000_00000000_00000000_00000000_00000000_00000000_00000001_00000000
00000000_00000000_00000000_00000000_00000000_00000000_00000000_00000000_00000000_00000000_00000000_00000000_00000000_00000000_00000000_00000001